测试样例/leaflet1.2.0/data/2017072700-china-ugrd-vgrd.json
{"header": { "discipline": 0, "disciplineName": "Meteorological products", "gribEdition": 2, "gribLength": 76609, "center": 7, "centerName": "US National Weather Service - NCEP(WMC)", "subcenter": 0, "refTime": "2017-07-27T00:00:00.000Z", "significanceOfRT": 1, "significanceOfRTName": "Start of forecast", "productStatus": 0, "productStatusName": "Operational products", "productType": 1, "productTypeName": "Forecast products", "productDefinitionTemplate": 0, "productDefinitionTemplateName": "Analysis/forecast at horizontal level/layer at a point in time", "parameterCategory": 2, "parameterCategoryName": "Momentum", "parameterNumber": 2, "parameterNumberName": "U-component_of_wind", "parameterUnit": "m.s-1", "genProcessType": 2, "genProcessTypeName": "Forecast", "forecastTime": 0, "surface1Type": 103, "surface1TypeName": "Specified height level above ground", "surface1Value": 10.0, "surface2Type": 255, "surface2TypeName": "Missing", "surface2Value": 0.0, "gridDefinitionTemplate": 0, "gridDefinitionTemplateName": "Latitude_Longitude", "numberPoints": 50953, "shape": 6, "shapeName": "Earth spherical with radius of 6,371,229.0 m", "gridUnits": "degrees", "resolution": 48, "winds": "true", "scanMode": 64, "nx": 251, "ny": 203, "basicAngle": 0, "lo1": 73.0, "la1": 3.5, "lo2": 135.5, "la2": 54.0, "dx": 0.25, "dy": 0.25 }, "data":
[rows 27 to 53 of 203, columns 122 to 182 of 251]
9.140625,8.990625,5.750625,9.790625,9.520625,5.850625,5.070625,3.590625,2.910625,3.030625,2.990625,2.740625,2.940625,6.070625,8.150625,8.900625,8.980625,9.280625,9.460625,9.270625,9.160625,8.980625,8.820625,8.700625,8.520625,8.370625,8.290625,8.250625,8.260625,8.160625,8.050625,8.050625,7.800625,7.660625,7.690625,7.690625,7.510625,7.410625,7.480625,7.610625,7.650625,7.390625,7.130625,6.940625,6.780625,6.740625,6.780625,6.540625,6.150625,5.860625,5.780625,5.760625,5.520625,5.410625,5.310625,5.100625,4.830625,4.640625,4.330625,3.570625,1.970625
9.670625,8.360625,9.170625,9.340625,6.610625,5.330625,4.080625,3.260625,2.940625,2.840625,3.180625,3.150625,3.350625,3.940625,5.940625,5.070625,5.250625,8.160625,9.200625,9.660625,9.660625,9.470625,9.350625,9.120625,8.850625,8.640625,8.470625,8.390625,8.320625,8.110625,7.980625,7.870625,7.810625,7.880625,7.900625,7.840625,7.630625,7.460625,7.540625,7.680625,7.640625,7.360625,7.060625,6.650625,6.450625,6.700625,6.920625,6.750625,6.280625,5.790625,5.710625,5.800625,5.760625,5.690625,5.670625,5.690625,5.530625,5.220625,4.940625,4.500625,3.560625
9.180625,4.120625,4.110625,4.500625,4.220625,4.640625,4.130625,3.560625,3.230625,3.170625,3.280625,3.260625,3.630625,3.200625,3.430625,2.210625,1.930625,3.380625,6.010625,8.490625,9.400625,9.730625,9.670625,9.490625,9.200625,8.920625,8.740625,8.620625,8.440625,8.210625,8.000625,7.760625,7.620625,7.700625,7.740625,7.790625,7.730625,7.610625,7.660625,7.820625,7.690625,7.500625,7.130625,6.580625,6.320625,6.710625,6.860625,6.760625,6.330625,5.800625,5.930625,6.230625,6.160625,6.100625,6.030625,6.000625,5.850625,5.750625,5.470625,5.080625,4.790625
7.230625,3.420625,3.390625,2.070625,2.130625,3.530625,4.040625,3.940625,3.990625,3.990625,3.850625,3.380625,2.790625,2.620625,2.460625,1.230625,0.710625,1.290625,3.340625,4.010625,6.850625,8.620625,9.440625,9.720625,9.610625,9.310625,9.020625,8.790625,8.500625,8.330625,8.160625,7.890625,7.600625,7.490625,7.530625,7.610625,7.740625,7.700625,7.720625,7.740625,7.710625,7.650625,7.420625,6.980625,6.810625,6.770625,6.540625,6.570625,6.530625,6.170625,6.410625,6.760625,6.740625,6.600625,6.410625,6.260625,6.150625,6.100625,5.910625,5.590625,5.480625
2.580625,3.340625,3.800625,2.520625,1.280625,2.370625,3.190625,3.520625,4.210625,4.280625,3.810625,3.070625,2.190625,1.810625,0.880625,0.130625,0.160625,2.030625,2.040625,1.960625,2.550625,5.490625,7.310625,8.790625,9.570625,9.610625,9.320625,9.030625,8.750625,8.560625,8.420625,8.160625,7.820625,7.590625,7.520625,7.570625,7.690625,7.680625,7.660625,7.680625,7.710625,7.640625,7.410625,7.060625,6.940625,6.890625,6.660625,6.890625,7.120625,6.900625,6.910625,7.160625,7.200625,7.030625,6.910625,6.710625,6.450625,6.440625,6.240625,6.070625,5.910625
3.040625,3.670625,3.520625,2.290625,1.850625,2.250625,2.580625,3.030625,3.690625,3.630625,3.170625,2.430625,1.700625,0.890625,-0.019375,-0.509375,0.310625,2.650625,2.440625,1.840625,2.000625,2.140625,4.550625,6.870625,8.750625,9.470625,9.410625,9.170625,8.940625,8.750625,8.490625,8.200625,7.940625,7.750625,7.650625,7.610625,7.660625,7.680625,7.680625,7.750625,7.740625,7.720625,7.420625,6.930625,6.880625,7.260625,7.440625,7.700625,7.990625,7.680625,7.490625,7.490625,7.530625,7.490625,7.390625,7.070625,6.800625,6.660625,6.720625,6.610625,6.260625
3.730625,3.600625,2.210625,1.820625,2.590625,2.880625,2.560625,2.550625,2.800625,2.710625,2.360625,1.450625,1.010625,0.060625,-0.449375,-0.399375,0.780625,2.030625,1.840625,4.270625,3.720625,3.620625,1.870625,4.610625,7.120625,8.590625,8.870625,8.860625,8.780625,8.630625,8.400625,8.140625,7.880625,7.720625,7.600625,7.610625,7.670625,7.740625,7.830625,7.840625,7.930625,8.000625,7.830625,7.450625,7.490625,7.920625,8.260625,8.520625,8.590625,8.470625,8.240625,8.070625,7.920625,7.910625,7.850625,7.440625,7.210625,7.070625,7.170625,7.060625,6.570625
3.680625,1.600625,0.230625,0.920625,1.950625,2.520625,2.350625,2.090625,1.970625,1.650625,1.200625,0.710625,0.170625,-0.409375,-0.669375,0.340625,1.690625,1.550625,0.770625,2.390625,3.710625,1.610625,0.780625,2.380625,5.080625,6.980625,7.820625,8.140625,8.170625,8.180625,8.060625,7.860625,7.560625,7.420625,7.470625,7.600625,7.770625,7.890625,7.990625,8.010625,8.150625,8.320625,8.280625,8.080625,8.190625,8.430625,8.800625,8.980625,8.980625,8.850625,8.630625,8.350625,8.390625,8.210625,8.040625,7.790625,7.530625,7.370625,7.410625,7.370625,7.080625
1.430625,0.290625,-0.199375,0.450625,0.630625,1.100625,1.550625,1.480625,1.290625,1.340625,0.990625,0.380625,-0.109375,-0.569375,-0.249375,1.380625,2.750625,1.720625,-0.079375,1.230625,2.710625,1.330625,0.240625,1.210625,3.220625,4.960625,6.260625,7.070625,7.350625,7.420625,7.420625,7.350625,7.270625,7.190625,7.270625,7.560625,7.890625,8.050625,8.170625,8.230625,8.320625,8.560625,8.630625,8.570625,8.640625,8.910625,8.970625,9.220625,9.230625,9.120625,8.930625,8.630625,8.500625,8.390625,8.120625,7.890625,7.670625,7.550625,7.680625,7.670625,7.320625
0.520625,0.070625,-0.069375,-0.399375,-0.699375,-0.039375,0.500625,0.680625,0.730625,0.980625,0.900625,0.370625,-0.099375,-0.189375,0.650625,2.240625,2.760625,0.810625,-0.269375,1.230625,2.470625,1.380625,0.810625,1.020625,1.690625,2.620625,4.060625,5.450625,6.240625,6.600625,6.750625,6.890625,7.020625,7.070625,7.170625,7.410625,7.800625,8.130625,8.330625,8.480625,8.630625,8.810625,8.990625,9.040625,9.080625,9.260625,9.310625,9.500625,9.460625,9.260625,9.080625,8.850625,8.680625,8.560625,8.460625,8.230625,8.050625,7.820625,7.870625,7.840625,7.760625
1.310625,0.970625,0.680625,-1.029375,-1.669375,-1.069375,-0.409375,0.050625,0.420625,0.690625,0.650625,0.310625,0.140625,0.460625,1.340625,1.950625,1.300625,-0.099375,0.090625,2.010625,3.440625,1.760625,1.330625,1.380625,0.840625,0.820625,1.920625,3.510625,4.850625,5.680625,6.250625,6.510625,6.750625,6.930625,7.070625,7.370625,7.690625,8.100625,8.460625,8.730625,8.940625,9.150625,9.430625,9.570625,9.660625,9.790625,9.740625,9.860625,9.910625,9.740625,9.480625,9.200625,9.050625,8.990625,8.870625,8.760625,8.480625,8.170625,8.080625,8.080625,8.040625
2.220625,3.220625,3.080625,-0.299375,-2.019375,-1.779375,-0.669375,-0.249375,0.240625,0.450625,0.320625,0.270625,0.410625,0.950625,1.540625,1.520625,0.810625,-0.229375,0.730625,2.780625,2.550625,2.200625,2.690625,2.380625,2.440625,1.690625,1.420625,2.160625,3.370625,4.580625,5.590625,6.200625,6.470625,6.680625,6.980625,7.290625,7.660625,8.080625,8.510625,8.900625,9.260625,9.540625,9.660625,9.890625,10.210625,10.180625,10.170625,10.120625,10.220625,10.260625,10.130625,9.820625,9.610625,9.550625,9.350625,9.050625,8.860625,8.530625,8.360625,8.180625,8.090625
2.620625,3.930625,3.270625,0.810625,-0.989375,-0.959375,-0.429375,-0.129375,0.220625,0.370625,0.270625,0.330625,0.580625,0.970625,1.270625,1.120625,0.670625,0.490625,1.460625,2.930625,2.090625,2.310625,2.060625,3.350625,5.620625,4.900625,3.380625,2.590625,2.800625,3.700625,4.810625,5.720625,6.270625,6.640625,7.000625,7.260625,7.660625,8.060625,8.490625,9.010625,9.430625,9.750625,9.830625,9.990625,10.300625,10.430625,10.510625,10.410625,10.440625,10.480625,10.510625,10.350625,10.010625,9.710625,9.540625,9.480625,9.200625,8.910625,8.590625,8.300625,8.150625
2.280625,2.240625,1.970625,1.080625,0.110625,-0.209375,0.010625,0.120625,0.360625,0.420625,0.390625,0.400625,0.420625,0.550625,0.850625,0.730625,0.560625,1.060625,2.180625,3.180625,2.510625,2.270625,1.830625,2.810625,6.510625,6.760625,5.490625,4.180625,3.420625,3.540625,4.260625,5.090625,5.910625,6.530625,6.930625,7.260625,7.680625,8.150625,8.520625,8.990625,9.440625,9.720625,9.920625,9.930625,10.230625,10.500625,10.730625,10.530625,10.550625,10.640625,10.640625,10.600625,10.260625,9.990625,9.840625,9.790625,9.570625,9.250625,8.880625,8.660625,8.370625
2.550625,1.620625,1.510625,1.430625,0.900625,0.460625,0.300625,0.410625,0.610625,0.410625,0.180625,0.070625,0.020625,0.190625,0.620625,0.480625,0.400625,1.400625,2.810625,2.000625,2.780625,3.090625,2.610625,2.840625,5.420625,6.220625,5.970625,5.370625,4.610625,4.150625,4.230625,4.740625,5.480625,6.200625,6.770625,7.220625,7.800625,8.320625,8.710625,9.020625,9.420625,9.770625,9.980625,10.020625,10.190625,10.550625,10.720625,10.690625,10.590625,10.530625,10.860625,10.800625,10.570625,10.300625,10.130625,10.020625,9.950625,9.750625,9.310625,8.910625,8.400625
2.900625,1.970625,1.660625,1.640625,1.380625,0.730625,0.460625,0.760625,0.880625,0.470625,0.010625,-0.269375,-0.279375,0.050625,0.370625,0.280625,0.630625,1.410625,2.340625,1.770625,2.360625,3.670625,3.380625,2.990625,4.940625,5.530625,5.800625,5.890625,5.760625,5.340625,4.990625,5.050625,5.420625,5.970625,6.650625,7.260625,7.940625,8.580625,8.860625,8.990625,9.480625,9.920625,10.110625,10.160625,10.300625,10.420625,10.550625,10.640625,10.640625,10.740625,10.900625,11.080625,10.880625,10.740625,10.450625,10.340625,10.120625,9.950625,9.590625,9.110625,8.640625
2.820625,2.400625,2.010625,1.540625,1.570625,1.200625,1.230625,0.840625,0.610625,0.560625,0.300625,-0.109375,-0.059375,0.400625,0.430625,0.330625,0.670625,0.610625,0.700625,1.430625,1.870625,1.810625,1.610625,3.910625,5.330625,5.770625,5.870625,6.170625,6.440625,6.360625,6.160625,5.920625,5.920625,6.120625,6.520625,7.080625,7.790625,8.440625,8.660625,8.970625,9.410625,9.890625,10.150625,10.360625,10.410625,10.330625,10.500625,10.710625,10.750625,10.810625,10.880625,11.070625,11.220625,11.130625,10.900625,10.500625,10.260625,10.060625,9.750625,9.250625,8.750625
3.130625,3.270625,2.840625,1.870625,1.730625,1.550625,1.360625,0.680625,-0.009375,-0.019375,0.410625,0.070625,0.270625,0.630625,0.370625,0.030625,-0.059375,-0.309375,0.150625,1.710625,2.300625,1.640625,1.430625,3.450625,5.040625,5.740625,5.940625,6.250625,6.670625,6.970625,6.900625,6.720625,6.540625,6.450625,6.600625,6.880625,7.360625,7.890625,8.310625,8.700625,9.190625,9.640625,10.120625,10.510625,10.670625,10.530625,10.510625,10.760625,10.860625,10.750625,10.890625,11.030625,11.220625,11.330625,11.180625,10.800625,10.440625,10.190625,9.840625,9.330625,8.850625
3.580625,3.450625,3.050625,2.190625,1.240625,1.220625,1.390625,0.210625,-0.799375,-0.869375,-0.369375,-0.059375,0.530625,0.320625,-0.299375,-0.549375,-0.569375,-0.399375,0.880625,1.940625,1.870625,1.240625,1.780625,3.310625,4.160625,4.910625,5.570625,6.150625,6.670625,7.080625,7.200625,7.210625,7.110625,6.990625,6.950625,7.040625,7.230625,7.570625,7.960625,8.320625,8.770625,9.280625,9.810625,10.220625,10.400625,10.460625,10.430625,10.510625,10.750625,10.950625,10.920625,10.990625,11.160625,11.290625,11.210625,10.910625,10.620625,10.320625,9.910625,9.340625,8.900625
4.060625,3.270625,2.500625,1.580625,0.690625,0.780625,1.050625,-0.169375,-1.269375,-1.279375,-0.579375,0.400625,0.610625,-0.389375,-0.879375,-0.489375,6.25E-4,0.580625,1.420625,1.430625,1.290625,1.780625,3.030625,3.250625,3.270625,3.760625,4.620625,5.500625,6.210625,6.770625,7.160625,7.400625,7.610625,7.670625,7.640625,7.480625,7.520625,7.690625,7.930625,8.110625,8.470625,8.870625,9.310625,9.610625,9.770625,9.940625,10.120625,10.310625,10.570625,10.770625,10.930625,10.950625,11.070625,11.190625,11.160625,10.940625,10.680625,10.390625,9.950625,9.400625,8.870625
4.580625,2.920625,1.640625,0.620625,-0.049375,0.290625,0.410625,-0.919375,-1.659375,-1.279375,-0.189375,0.450625,-0.179375,-1.229375,-0.679375,0.220625,0.870625,1.190625,1.200625,1.000625,1.120625,2.210625,3.450625,3.490625,3.260625,3.310625,3.750625,4.430625,5.180625,5.970625,6.610625,7.160625,7.680625,7.980625,8.120625,8.060625,8.120625,8.290625,8.310625,8.450625,8.560625,8.880625,9.180625,9.390625,9.440625,9.540625,9.800625,10.030625,10.160625,10.420625,10.620625,10.770625,10.970625,11.090625,11.090625,10.880625,10.590625,10.280625,9.930625,9.400625,8.780625
4.990625,2.470625,0.630625,-0.419375,-0.809375,-0.429375,-0.539375,-1.689375,-1.969375,-0.969375,-0.349375,-0.389375,-0.889375,-1.049375,-0.019375,1.000625,1.450625,1.430625,1.180625,0.870625,1.690625,3.370625,3.860625,4.040625,4.090625,4.030625,3.940625,4.060625,4.440625,4.980625,5.730625,6.480625,7.160625,7.760625,8.030625,8.270625,8.600625,8.780625,8.830625,8.830625,8.910625,9.170625,9.540625,9.620625,9.740625,9.860625,10.040625,10.090625,10.160625,10.320625,10.510625,10.560625,10.840625,10.920625,10.900625,10.700625,10.380625,10.050625,9.700625,9.260625,8.630625
4.630625,1.640625,-0.589375,-1.669375,-1.889375,-1.439375,-1.389375,-2.009375,-2.019375,-1.069375,-1.189375,-1.269375,-1.219375,-0.729375,0.440625,1.280625,1.430625,1.660625,1.500625,1.790625,2.810625,3.510625,3.940625,4.330625,4.670625,4.840625,4.840625,4.810625,4.900625,5.100625,5.450625,5.960625,6.490625,7.080625,7.620625,8.040625,8.320625,8.580625,8.730625,8.930625,9.210625,9.530625,9.830625,10.010625,10.180625,10.430625,10.530625,10.540625,10.620625,10.540625,10.530625,10.540625,10.680625,10.560625,10.590625,10.420625,10.080625,9.760625,9.410625,9.010625,8.360625
2.890625,6.25E-4,-2.249375,-3.239375,-3.119375,-2.509375,-2.039375,-1.979375,-1.889375,-1.339375,-1.039375,-1.049375,-0.819375,-0.469375,0.500625,1.210625,1.260625,1.250625,1.370625,2.560625,2.810625,3.220625,3.720625,4.220625,4.660625,5.020625,5.310625,5.550625,5.680625,5.690625,5.780625,5.840625,6.020625,6.460625,7.140625,7.730625,7.930625,8.030625,8.290625,8.780625,9.180625,9.560625,9.820625,10.030625,10.250625,10.480625,10.710625,10.800625,10.870625,10.800625,10.620625,10.640625,10.530625,10.380625,10.210625,10.000625,9.690625,9.380625,9.070625,8.650625,8.010625
-0.419375,-2.629375,-4.519375,-4.969375,-4.259375,-3.269375,-2.609375,-2.269375,-2.109375,-1.919375,-1.289375,-0.739375,-0.459375,-0.099375,0.560625,1.120625,1.120625,1.060625,1.220625,2.040625,2.240625,2.780625,3.430625,3.980625,4.430625,4.820625,5.190625,5.440625,5.480625,5.360625,5.380625,5.450625,5.480625,5.790625,6.760625,7.450625,7.500625,7.430625,7.790625,8.510625,9.090625,9.410625,9.630625,9.740625,9.790625,9.990625,10.310625,10.410625,10.510625,10.620625,10.580625,10.570625,10.220625,10.060625,9.790625,9.560625,9.260625,8.960625,8.640625,8.200625,7.550625
-4.319375,-5.519375,-6.339375,-5.489375,-4.599375,-3.389375,-2.709375,-3.189375,-3.009375,-1.769375,-0.989375,-0.649375,-0.139375,0.560625,0.880625,1.310625,1.770625,2.240625,2.220625,1.990625,2.100625,2.610625,3.220625,3.750625,4.260625,4.770625,5.110625,5.050625,4.580625,4.200625,4.030625,4.010625,4.040625,4.640625,5.670625,6.260625,6.400625,6.500625,7.250625,8.310625,8.940625,9.300625,9.450625,9.450625,9.310625,9.420625,9.600625,9.780625,9.990625,10.160625,10.370625,10.210625,10.060625,9.730625,9.400625,9.060625,8.730625,8.350625,7.990625,7.590625,7.000625
-6.559375,-6.179375,-5.909375,-4.709375,-4.519375,-4.129375,-3.619375,-3.379375,-2.689375,-1.369375,-0.879375,-0.569375,0.380625,1.200625,1.680625,2.330625,3.250625,3.060625,2.670625,2.420625,2.520625,2.890625,3.300625,3.760625,4.380625,5.070625,5.410625,4.930625,3.900625,3.100625,2.780625,2.610625,2.650625,3.130625,3.810625,4.260625,4.750625,5.290625,6.400625,7.640625,8.370625,8.820625,9.110625,9.180625,9.120625,9.090625,9.140625,9.210625,9.470625,9.650625,9.850625,9.850625,9.710625,9.370625,8.960625,8.540625,8.110625,7.640625,7.190625,6.810625,6.340625
