测试样例/leaflet1.2.0/data/2017072700-china-ugrd-vgrd.json
{"header": { "discipline": 0, "disciplineName": "Meteorological products", "gribEdition": 2, "gribLength": 76609, "center": 7, "centerName": "US National Weather Service - NCEP(WMC)", "subcenter": 0, "refTime": "2017-07-27T00:00:00.000Z", "significanceOfRT": 1, "significanceOfRTName": "Start of forecast", "productStatus": 0, "productStatusName": "Operational products", "productType": 1, "productTypeName": "Forecast products", "productDefinitionTemplate": 0, "productDefinitionTemplateName": "Analysis/forecast at horizontal level/layer at a point in time", "parameterCategory": 2, "parameterCategoryName": "Momentum", "parameterNumber": 2, "parameterNumberName": "U-component_of_wind", "parameterUnit": "m.s-1", "genProcessType": 2, "genProcessTypeName": "Forecast", "forecastTime": 0, "surface1Type": 103, "surface1TypeName": "Specified height level above ground", "surface1Value": 10.0, "surface2Type": 255, "surface2TypeName": "Missing", "surface2Value": 0.0, "gridDefinitionTemplate": 0, "gridDefinitionTemplateName": "Latitude_Longitude", "numberPoints": 50953, "shape": 6, "shapeName": "Earth spherical with radius of 6,371,229.0 m", "gridUnits": "degrees", "resolution": 48, "winds": "true", "scanMode": 64, "nx": 251, "ny": 203, "basicAngle": 0, "lo1": 73.0, "la1": 3.5, "lo2": 135.5, "la2": 54.0, "dx": 0.25, "dy": 0.25 }, "data":
[rows 135 to 161 of 203, columns 61 to 121 of 251]
-1.509375,-1.659375,-1.459375,-0.909375,-0.599375,-1.009375,-1.929375,-2.609375,-2.459375,-2.019375,-1.909375,-1.629375,-0.919375,-0.209375,0.490625,1.430625,2.520625,3.420625,3.760625,3.710625,3.420625,2.700625,1.000625,-1.719375,-3.969375,-4.979375,-4.749375,-3.789375,-2.629375,-1.669375,-0.899375,-0.269375,0.140625,0.040625,-0.299375,-0.029375,0.770625,1.340625,1.500625,1.210625,0.520625,0.310625,0.880625,1.140625,0.870625,0.360625,6.25E-4,0.050625,0.120625,-0.409375,-0.719375,-0.069375,0.600625,0.270625,-0.529375,-1.269375,-1.539375,-1.279375,-0.459375,0.280625,0.810625
0.230625,-1.089375,-1.569375,-1.019375,-0.309375,-0.299375,-0.889375,-1.349375,-1.259375,-0.919375,-0.929375,-0.809375,-0.259375,0.540625,1.460625,2.550625,3.230625,3.520625,3.140625,2.360625,1.440625,0.430625,-0.969375,-2.679375,-3.689375,-3.729375,-2.989375,-1.959375,-0.989375,6.25E-4,0.680625,0.790625,0.630625,0.070625,-0.509375,-0.239375,0.480625,0.520625,0.130625,0.090625,0.150625,0.140625,0.450625,0.610625,0.200625,-0.109375,0.060625,0.030625,-0.329375,-0.649375,-0.239375,0.730625,0.630625,-0.279375,-0.999375,-1.459375,-1.399375,-0.859375,-0.059375,0.960625,2.240625
0.630625,-0.979375,-1.429375,-0.949375,-0.529375,-0.479375,-0.539375,-0.559375,-0.099375,0.310625,0.260625,0.390625,1.100625,1.920625,2.590625,3.110625,3.220625,2.870625,2.190625,1.280625,0.180625,-0.819375,-1.509375,-1.809375,-1.579375,-1.049375,-0.549375,-0.269375,-0.049375,0.510625,0.550625,-0.269375,-0.809375,-0.959375,-1.019375,-0.809375,-0.439375,-0.569375,-0.669375,0.090625,0.770625,0.570625,0.230625,0.120625,-0.069375,0.030625,0.740625,1.130625,1.020625,0.960625,1.290625,1.480625,0.810625,0.130625,-0.439375,-0.999375,-0.929375,-0.499375,0.350625,1.650625,2.850625
-0.159375,-1.129375,-1.189375,-1.009375,-1.229375,-0.929375,-0.059375,0.690625,1.360625,1.800625,1.990625,2.300625,2.620625,2.800625,2.630625,2.410625,1.940625,1.420625,1.050625,0.530625,-0.469375,-1.669375,-2.359375,-2.049375,-0.959375,0.080625,0.370625,0.020625,-0.399375,-0.369375,-0.509375,-1.199375,-1.319375,-0.799375,-0.499375,-0.299375,-0.079375,-0.289375,-0.359375,0.290625,0.660625,0.430625,0.270625,0.240625,0.380625,0.820625,1.620625,2.070625,1.910625,1.850625,1.940625,1.600625,0.650625,-0.079375,-0.339375,-0.169375,0.220625,0.570625,1.160625,1.860625,2.240625
-0.179375,-0.579375,-0.509375,-0.759375,-1.039375,-0.379375,0.610625,0.970625,1.370625,1.950625,2.480625,2.700625,2.710625,2.590625,2.140625,1.180625,0.250625,-0.119375,0.010625,0.050625,-0.669375,-1.889375,-2.689375,-2.479375,-1.399375,-0.419375,-0.379375,-0.989375,-1.619375,-1.689375,-1.229375,-0.949375,-0.519375,0.200625,0.760625,1.100625,0.930625,0.070625,-0.299375,0.100625,0.160625,-0.039375,0.310625,0.710625,1.050625,1.630625,2.010625,1.960625,1.710625,2.040625,1.980625,0.750625,-1.009375,-1.499375,-1.049375,0.100625,1.100625,1.450625,1.610625,1.790625,1.700625
1.090625,0.780625,0.350625,-0.339375,-0.719375,-0.419375,-0.059375,-0.189375,-0.069375,0.520625,1.150625,1.480625,1.690625,1.850625,1.360625,0.170625,-0.509375,-0.329375,0.050625,-0.019375,-0.849375,-1.889375,-2.129375,-1.639375,-0.909375,-0.589375,-1.009375,-1.859375,-2.569375,-2.419375,-1.699375,-0.829375,-0.119375,0.580625,1.110625,1.240625,0.650625,-0.329375,-0.449375,0.010625,-0.069375,-0.059375,0.590625,1.290625,1.650625,1.910625,1.910625,1.480625,1.030625,0.910625,0.160625,-1.409375,-2.579375,-2.919375,-2.489375,-1.059375,0.180625,0.720625,1.080625,1.490625,1.620625
2.560625,2.480625,1.720625,0.620625,-0.049375,-0.369375,-0.649375,-1.059375,-1.139375,-0.539375,0.300625,0.770625,0.830625,0.780625,0.440625,-0.159375,-0.059375,0.710625,1.000625,0.380625,-1.089375,-2.539375,-2.539375,-1.239375,0.350625,0.710625,-0.409375,-1.889375,-2.629375,-2.409375,-1.859375,-0.919375,-0.039375,0.530625,0.700625,0.580625,0.170625,-0.319375,-0.169375,0.100625,0.050625,0.260625,0.900625,1.470625,1.710625,1.710625,1.470625,0.650625,-0.559375,-1.909375,-3.069375,-3.539375,-3.829375,-4.119375,-3.979375,-2.959375,-1.529375,-0.519375,0.280625,1.050625,1.420625
3.370625,3.660625,3.640625,3.140625,2.530625,1.680625,0.900625,0.380625,0.240625,0.460625,0.850625,1.100625,1.050625,0.840625,0.710625,0.730625,1.170625,1.860625,1.940625,1.130625,-0.379375,-2.069375,-2.669375,-1.439375,0.760625,1.300625,-0.119375,-1.559375,-1.919375,-1.529375,-1.069375,-0.449375,0.100625,0.260625,0.110625,0.010625,0.190625,0.360625,0.480625,0.470625,0.340625,0.410625,0.710625,1.010625,1.110625,0.660625,-0.239375,-1.209375,-2.329375,-3.639375,-4.619375,-4.429375,-4.209375,-4.509375,-4.899375,-4.189375,-2.629375,-1.199375,-0.249375,0.480625,0.850625
3.450625,4.260625,5.080625,5.270625,4.920625,4.110625,3.170625,2.790625,2.990625,3.040625,3.010625,3.080625,3.150625,3.320625,3.450625,3.290625,3.060625,2.790625,2.350625,1.760625,0.860625,-0.259375,-1.099375,-0.819375,0.170625,-0.199375,-1.619375,-2.079375,-1.419375,-0.609375,-0.169375,0.080625,0.030625,-0.319375,-0.719375,-0.599375,0.210625,0.700625,0.480625,0.220625,0.190625,0.090625,-0.079375,-0.199375,-0.589375,-1.599375,-2.769375,-3.219375,-3.379375,-4.189375,-5.279375,-5.189375,-4.439375,-4.309375,-4.649375,-4.389375,-3.309375,-2.119375,-1.199375,-0.289375,0.420625
2.440625,3.030625,3.470625,3.500625,3.360625,3.290625,3.410625,3.830625,4.510625,4.950625,5.010625,5.340625,5.240625,5.240625,4.980625,4.110625,3.000625,2.480625,2.510625,2.430625,2.170625,1.560625,1.000625,0.830625,0.350625,-1.229375,-2.599375,-1.999375,-0.669375,0.120625,0.200625,0.330625,0.350625,-0.129375,-0.549375,-0.239375,0.350625,0.120625,-0.609375,-0.829375,-0.679375,-0.879375,-1.439375,-2.169375,-3.039375,-4.109375,-4.669375,-4.309375,-3.799375,-4.289375,-5.309375,-5.309375,-4.429375,-4.009375,-4.129375,-4.139375,-3.749375,-3.179375,-2.309375,-0.949375,0.370625
1.130625,0.670625,-0.369375,-1.539375,-1.569375,-0.199375,1.700625,3.250625,3.940625,3.890625,3.290625,2.520625,1.720625,0.980625,0.230625,-0.529375,-0.719375,0.150625,1.800625,2.900625,3.170625,2.850625,2.410625,2.000625,1.130625,-0.219375,-0.909375,-0.079375,1.210625,1.660625,1.410625,1.460625,1.460625,0.890625,0.460625,0.620625,0.370625,-0.719375,-1.579375,-1.789375,-1.689375,-1.979375,-2.699375,-3.619375,-4.379375,-4.899375,-4.859375,-4.319375,-3.909375,-4.249375,-4.919375,-4.779375,-4.019375,-3.549375,-3.429375,-3.299375,-3.069375,-2.889375,-2.419375,-1.269375,0.080625
0.760625,-0.049375,-1.879375,-3.669375,-3.689375,-1.569375,1.150625,2.880625,2.740625,1.170625,-1.189375,-3.289375,-4.709375,-5.549375,-5.949375,-5.729375,-4.929375,-3.499375,-1.579375,-0.009375,0.480625,0.270625,0.100625,0.430625,0.810625,0.880625,1.020625,1.700625,2.590625,2.930625,2.660625,2.120625,1.330625,0.180625,-0.549375,-0.709375,-1.079375,-1.869375,-2.739375,-3.329375,-3.629375,-3.679375,-3.789375,-3.879375,-3.979375,-4.289375,-4.609375,-4.609375,-4.389375,-4.369375,-4.369375,-3.899375,-3.139375,-2.609375,-2.299375,-1.949375,-1.569375,-1.339375,-1.169375,-0.769375,-0.239375
1.060625,0.750625,-0.759375,-2.519375,-2.919375,-1.389375,0.920625,2.410625,2.100625,0.480625,-1.699375,-3.529375,-4.859375,-5.779375,-6.169375,-5.739375,-5.119375,-4.639375,-4.199375,-3.929375,-4.159375,-4.439375,-4.109375,-3.029375,-1.709375,-0.809375,-0.409375,-0.189375,6.25E-4,-0.129375,-0.839375,-1.979375,-3.099375,-3.989375,-4.299375,-4.159375,-3.989375,-4.249375,-5.209375,-5.919375,-6.039375,-5.449375,-4.549375,-3.489375,-2.789375,-2.949375,-3.689375,-4.209375,-4.299375,-4.129375,-3.719375,-3.029375,-2.249375,-1.529375,-1.239375,-0.809375,-0.249375,0.240625,0.490625,0.560625,0.510625
1.670625,1.670625,0.720625,-0.759375,-1.449375,-0.769375,0.630625,1.520625,1.210625,0.200625,-0.729375,-1.329375,-2.069375,-3.169375,-4.219375,-4.609375,-4.589375,-4.309375,-3.749375,-3.249375,-3.249375,-3.479375,-3.379375,-2.879375,-2.439375,-2.699375,-3.609375,-4.649375,-5.409375,-5.949375,-6.589375,-7.209375,-7.529375,-7.549375,-7.189375,-6.529375,-5.889375,-5.699375,-6.189375,-6.579375,-6.579375,-5.909375,-4.809375,-3.129375,-1.719375,-1.409375,-2.089375,-2.809375,-3.189375,-3.219375,-2.909375,-2.349375,-1.729375,-1.199375,-0.749375,-0.259375,0.400625,1.130625,1.750625,2.110625,2.170625
1.870625,1.660625,0.860625,-0.179375,-0.389375,0.610625,1.980625,2.630625,1.880625,0.630625,-0.199375,-0.569375,-1.229375,-2.669375,-4.179375,-4.929375,-4.999375,-4.459375,-3.079375,-1.429375,-0.459375,-0.249375,-0.339375,-0.299375,-0.519375,-1.679375,-3.609375,-5.659375,-7.219375,-7.969375,-8.249375,-8.299375,-8.029375,-7.529375,-6.869375,-6.019375,-5.279375,-4.919375,-4.919375,-5.089375,-5.219375,-5.139375,-4.529375,-3.169375,-1.589375,-0.699375,-0.889375,-1.419375,-1.849375,-2.069375,-2.019375,-1.709375,-1.299375,-0.869375,-0.419375,0.100625,0.740625,1.500625,2.340625,2.970625,3.230625
1.260625,0.540625,-0.589375,-1.339375,-0.729375,1.420625,3.990625,5.500625,5.140625,3.770625,2.340625,1.260625,-0.109375,-2.249375,-4.309375,-5.199375,-5.129375,-4.469375,-2.939375,-0.949375,0.680625,1.380625,1.230625,1.050625,0.910625,0.290625,-1.009375,-3.169375,-5.319375,-6.459375,-6.919375,-6.689375,-6.179375,-5.589375,-5.019375,-4.399375,-3.519375,-2.809375,-2.499375,-2.549375,-2.769375,-3.139375,-3.319375,-2.819375,-1.719375,-0.789375,-0.629375,-0.889375,-1.179375,-1.349375,-1.299375,-1.049375,-0.669375,-0.189375,0.340625,0.850625,1.340625,1.920625,2.570625,3.080625,3.300625
0.460625,-0.149375,-1.239375,-1.959375,-1.309375,0.930625,4.020625,6.610625,7.650625,7.310625,5.960625,4.210625,2.250625,-0.189375,-2.729375,-4.079375,-4.419375,-3.929375,-2.779375,-0.949375,0.950625,2.110625,1.900625,0.990625,0.480625,0.600625,0.690625,-0.449375,-2.709375,-4.299375,-5.089375,-4.969375,-4.239375,-3.689375,-3.219375,-2.619375,-1.689375,-0.829375,-0.449375,-0.379375,-0.359375,-0.559375,-0.979375,-1.219375,-1.009375,-0.689375,-0.709375,-0.929375,-1.079375,-1.029375,-0.769375,-0.329375,0.180625,0.780625,1.380625,1.800625,2.080625,2.430625,2.840625,3.170625,3.480625
0.870625,1.090625,0.430625,-0.509375,-0.789375,0.100625,2.410625,5.460625,7.690625,8.830625,8.060625,6.150625,4.040625,2.060625,-0.099375,-1.849375,-2.839375,-3.159375,-2.719375,-1.509375,0.330625,1.970625,2.060625,0.810625,-0.229375,0.070625,1.050625,1.040625,-0.479375,-2.309375,-3.139375,-3.089375,-2.329375,-1.749375,-1.359375,-0.959375,-0.549375,-0.189375,-0.019375,0.160625,0.650625,1.180625,1.280625,0.920625,0.390625,-0.109375,-0.539375,-0.829375,-0.869375,-0.659375,-0.219375,0.360625,0.960625,1.540625,2.070625,2.420625,2.630625,2.930625,3.320625,3.730625,4.250625
1.780625,2.260625,2.060625,1.250625,0.610625,0.780625,2.150625,4.450625,7.010625,8.570625,8.270625,6.620625,4.810625,3.500625,2.200625,0.480625,-1.289375,-2.619375,-3.059375,-2.389375,-0.559375,1.440625,2.050625,1.120625,-0.069375,-0.069375,1.140625,2.090625,1.710625,0.240625,-1.089375,-1.409375,-0.799375,-0.149375,0.160625,0.180625,-0.029375,-0.119375,0.010625,0.440625,1.240625,2.100625,2.480625,2.160625,1.330625,0.400625,-0.249375,-0.479375,-0.359375,-0.039375,0.430625,0.960625,1.450625,1.860625,2.290625,2.680625,3.060625,3.460625,3.840625,4.230625,4.630625
1.710625,1.940625,2.290625,2.420625,2.380625,2.430625,2.950625,4.280625,6.090625,7.460625,7.710625,6.800625,5.570625,4.600625,3.700625,2.040625,-0.069375,-1.749375,-2.169375,-1.269375,0.490625,2.020625,2.600625,2.110625,1.270625,1.060625,1.980625,3.490625,4.060625,3.000625,1.260625,0.260625,0.430625,0.950625,1.190625,1.080625,0.760625,0.790625,1.290625,1.960625,2.700625,3.160625,3.070625,2.360625,1.290625,0.270625,-0.219375,-0.069375,0.460625,0.940625,1.300625,1.610625,1.890625,2.150625,2.490625,3.000625,3.600625,4.100625,4.350625,4.610625,4.460625
1.500625,1.660625,1.930625,2.240625,2.370625,2.480625,2.610625,3.320625,4.730625,5.960625,7.160625,7.040625,6.140625,5.100625,4.230625,3.110625,1.640625,0.800625,1.080625,2.010625,2.980625,3.420625,3.200625,2.810625,2.590625,2.780625,3.560625,4.710625,5.450625,5.110625,3.760625,2.500625,2.160625,2.300625,2.190625,1.720625,1.230625,1.280625,1.870625,2.510625,3.000625,3.160625,2.870625,2.070625,1.070625,0.280625,0.110625,0.570625,1.310625,1.860625,2.090625,2.190625,2.360625,2.690625,3.150625,3.730625,4.380625,4.930625,5.230625,5.340625,5.260625
2.180625,2.280625,2.020625,1.890625,1.830625,1.630625,1.440625,1.790625,2.900625,4.320625,5.140625,4.850625,3.910625,3.260625,3.150625,3.100625,2.510625,2.420625,2.700625,2.780625,2.340625,1.530625,0.680625,0.550625,1.400625,2.710625,3.860625,4.830625,5.630625,6.040625,5.830625,5.130625,4.280625,3.210625,2.040625,1.000625,0.260625,-0.089375,-0.189375,-0.149375,0.300625,1.100625,1.750625,1.920625,1.650625,1.150625,0.780625,0.810625,1.140625,1.550625,1.890625,2.190625,2.620625,3.280625,4.060625,4.880625,5.630625,6.170625,6.360625,6.400625,6.300625
3.590625,3.430625,2.220625,1.340625,1.050625,0.730625,0.440625,0.470625,0.890625,1.190625,0.910625,0.210625,-0.219375,0.170625,1.040625,1.350625,0.840625,0.060625,-0.539375,-0.989375,-1.449375,-2.009375,-2.149375,-1.299375,0.330625,1.780625,2.600625,3.660625,4.940625,5.960625,6.140625,5.540625,4.080625,2.040625,0.110625,-0.949375,-1.069375,-1.049375,-1.609375,-2.129375,-1.509375,0.140625,1.650625,2.360625,2.160625,1.170625,0.070625,-0.449375,-0.239375,0.550625,1.470625,2.190625,2.750625,3.510625,4.580625,5.740625,6.680625,7.080625,6.890625,6.590625,6.370625
2.980625,1.830625,-0.029375,-1.229375,-1.219375,-0.859375,-0.789375,-0.819375,-0.709375,-0.799375,-1.189375,-1.509375,-1.729375,-1.529375,-0.879375,-0.709375,-1.499375,-2.649375,-3.169375,-2.859375,-2.179375,-1.529375,-0.719375,0.780625,2.010625,2.120625,2.040625,2.930625,4.320625,4.460625,3.610625,2.530625,1.440625,-0.119375,-1.659375,-1.869375,-0.199375,1.470625,1.210625,0.400625,0.920625,2.410625,3.600625,3.670625,2.320625,0.260625,-1.319375,-1.619375,-0.759375,0.840625,2.260625,2.930625,3.120625,3.360625,3.970625,5.020625,5.890625,5.960625,5.340625,4.600625,4.300625
1.100625,0.330625,-0.929375,-1.659375,-1.529375,-1.179375,-1.239375,-1.349375,-1.229375,-1.179375,-0.819375,-0.459375,-0.789375,-1.119375,-0.669375,-0.309375,-0.969375,-1.799375,-1.739375,-0.849375,0.050625,0.680625,1.350625,2.100625,2.560625,2.730625,3.500625,4.380625,4.480625,3.080625,0.930625,0.010625,-0.059375,-0.749375,-1.769375,-1.179375,1.620625,4.100625,4.070625,3.440625,3.940625,5.180625,5.930625,5.410625,3.520625,1.140625,-0.319375,-0.519375,0.430625,2.010625,3.290625,3.370625,2.990625,2.800625,3.160625,3.680625,3.860625,3.320625,2.220625,1.320625,0.980625
0.290625,0.130625,-0.269375,-0.579375,-0.799375,-1.079375,-1.149375,-0.939375,-0.859375,-0.709375,-0.199375,0.400625,0.210625,0.020625,0.730625,1.280625,0.570625,-0.409375,-0.679375,-0.639375,-0.509375,0.180625,0.950625,1.130625,1.490625,2.830625,4.610625,5.340625,4.330625,2.050625,0.060625,-0.429375,-0.149375,-0.469375,-0.929375,0.050625,2.350625,3.760625,3.270625,2.950625,3.920625,5.140625,5.680625,5.100625,3.920625,2.760625,2.060625,1.820625,2.170625,3.030625,3.490625,2.980625,2.450625,2.500625,2.720625,2.850625,2.350625,1.240625,-0.069375,-0.889375,-1.019375
-0.329375,-0.759375,-0.949375,-0.619375,-0.349375,-0.439375,-0.449375,-0.169375,0.040625,0.350625,1.090625,1.710625,1.520625,1.130625,1.170625,1.130625,0.400625,-0.609375,-1.339375,-1.629375,-1.249375,-0.419375,-0.169375,-0.029375,1.250625,3.110625,4.000625,3.150625,1.320625,-0.349375,-1.039375,-0.779375,-0.199375,0.180625,0.550625,1.290625,2.070625,2.260625,2.090625,2.580625,3.500625,3.920625,3.540625,2.560625,1.600625,1.370625,1.810625,2.400625,3.100625,3.620625,3.540625,2.470625,1.600625,1.610625,2.000625,2.060625,1.640625,0.860625,0.140625,-0.299375,-0.589375
