测试样例/leaflet1.2.0/data/2017072700-china-ugrd-vgrd.json
{"header": { "discipline": 0, "disciplineName": "Meteorological products", "gribEdition": 2, "gribLength": 82978, "center": 7, "centerName": "US National Weather Service - NCEP(WMC)", "subcenter": 0, "refTime": "2017-07-27T00:00:00.000Z", "significanceOfRT": 1, "significanceOfRTName": "Start of forecast", "productStatus": 0, "productStatusName": "Operational products", "productType": 1, "productTypeName": "Forecast products", "productDefinitionTemplate": 0, "productDefinitionTemplateName": "Analysis/forecast at horizontal level/layer at a point in time", "parameterCategory": 2, "parameterCategoryName": "Momentum", "parameterNumber": 3, "parameterNumberName": "V-component_of_wind", "parameterUnit": "m.s-1", "genProcessType": 2, "genProcessTypeName": "Forecast", "forecastTime": 0, "surface1Type": 103, "surface1TypeName": "Specified height level above ground", "surface1Value": 10.0, "surface2Type": 255, "surface2TypeName": "Missing", "surface2Value": 0.0, "gridDefinitionTemplate": 0, "gridDefinitionTemplateName": "Latitude_Longitude", "numberPoints": 50953, "shape": 6, "shapeName": "Earth spherical with radius of 6,371,229.0 m", "gridUnits": "degrees", "resolution": 48, "winds": "true", "scanMode": 64, "nx": 251, "ny": 203, "basicAngle": 0, "lo1": 73.0, "la1": 3.5, "lo2": 135.5, "la2": 54.0, "dx": 0.25, "dy": 0.25 }, "data":
[rows 156 to 181 of 203, columns 0 to 57 of 251]
2.7349865,2.5649865,2.1749866,2.6449866,2.9949865,2.1349866,0.7549866,0.03498657,0.96498656,2.4949865,3.0049865,2.5849867,1.4349866,-0.095013425,-0.9850134,-1.2350135,-1.4750134,-1.5650134,-1.2050134,-0.52501345,0.22498657,0.91498655,1.3149866,1.2349865,1.1649866,1.3849865,1.7749866,2.5949867,3.0549865,2.7449865,2.1849866,2.0049865,1.3649865,0.35498658,-0.19501343,-0.51501346,-1.0550134,-1.5650134,-1.5550134,-1.4350134,-1.5050135,-1.3850135,-1.1850134,-0.77501345,-0.47501343,-0.71501344,-1.4350134,-2.1850135,-2.2350135,-1.7450135,-1.1650134,-0.8750134,-1.0650134,-1.3450134,-1.2150134,-0.5550134,-0.14501342,-0.24501343
4.1949863,3.6849866,2.9949865,2.9549866,3.2649865,3.0949867,2.6749866,2.1649866,2.3249865,2.4549866,2.4349866,2.3149865,2.0949867,1.5249866,0.7449866,-0.11501343,-0.71501344,-1.1250135,-1.4850135,-1.9150134,-1.7150134,-0.53501344,1.2149866,2.4549866,2.7649865,2.8849866,2.4249866,2.0349865,1.5949866,1.1549866,1.2649865,1.9049866,2.4549866,2.6049867,2.7449865,2.6849866,1.8649865,0.7549866,-0.19501343,-0.90501344,-1.2550135,-0.84501344,0.004986572,0.83498657,1.2249866,0.79498655,-0.08501343,-0.7350134,-0.8150134,-0.77501345,-0.83501345,-1.2050134,-1.6350135,-2.0350134,-1.8650135,-1.1950134,-0.97501343,-1.3350134
4.5649867,3.8549867,3.0349865,2.4449866,2.1949866,2.2449865,2.4049866,2.3849866,2.1049867,1.8349866,2.0549865,2.7849865,3.5649865,3.2749865,2.0249865,0.17498657,-1.0350134,-1.5250134,-1.1650134,-0.39501342,0.39498657,1.8349866,3.2449865,4.2849865,4.6449866,4.4149866,2.8849866,1.8249866,0.66498655,-0.40501344,-0.6750134,-0.045013428,0.90498656,1.8149866,2.7249866,3.2149866,3.0749865,2.6849866,1.9649866,1.2849866,0.97498655,1.2249866,1.6949866,2.0049865,1.9249866,1.5149865,0.8249866,0.27498657,0.014986572,-0.24501343,-0.71501344,-1.3350134,-1.6950134,-1.5150135,-0.97501343,-0.40501344,-0.41501343,-0.91501343
2.5149865,2.3949866,2.0449865,1.5649866,0.73498654,0.19498657,0.27498657,0.98498654,1.9949865,2.7949865,3.3149865,3.9049866,4.5649867,4.4949865,3.9249866,3.1149867,1.9849865,0.9349866,0.40498656,0.71498656,1.7549865,3.1149867,3.9449866,4.6249866,5.1749864,5.2749867,3.8349867,2.5449865,1.3749865,0.49498656,0.014986572,0.124986574,0.52498657,1.0549866,1.7249866,2.5949867,2.9749866,2.8249865,2.4249866,2.0649865,2.1349866,2.3649867,2.4149866,2.4249866,2.0849867,1.2749866,0.5049866,-0.08501343,-0.49501342,-0.6150134,-0.66501343,-0.7950134,-0.7450134,-0.37501344,0.3149866,0.8249866,0.7649866,0.38498658
2.8549867,3.6149867,4.1149864,4.0149865,3.3649867,2.6249866,2.3149865,2.3349867,2.6849866,3.1349866,3.3549867,3.2349865,3.1649866,3.2849865,3.6449866,4.0749865,4.1249866,3.6649866,2.8549867,2.0849867,1.8449866,2.1349866,2.4849865,2.7349865,4.0549865,4.8649864,3.8449867,2.5049865,1.4749866,1.0449866,1.1749866,1.6749866,2.3149865,2.8649867,3.3749866,3.2949865,2.6849866,1.2249866,-0.045013428,-0.52501345,-0.5450134,-0.31501344,-0.06501343,0.06498657,0.16498657,0.22498657,0.19498657,0.03498657,-0.11501343,0.06498657,0.6249866,1.0449866,1.0449866,1.1049865,1.4249866,1.7549865,2.3949866,2.6449866
3.9949865,4.5449867,4.8949866,4.9949865,4.6549864,4.484987,4.5849867,4.3749866,3.5249865,2.5149865,1.7349865,1.5049865,1.8549865,2.5649865,3.2249866,3.4149866,3.1349866,2.4949865,2.0549865,1.6249865,1.1249865,0.6249866,0.41498658,0.5549866,0.97498655,1.2349865,1.0149865,0.6149866,0.38498658,0.5049866,0.85498655,1.2449865,1.5949866,1.7249866,1.6349865,0.9449866,-0.07501343,-0.9450134,-1.3450134,-1.6250135,-1.8950135,-2.2450135,-1.8950135,-1.1650134,0.20498657,1.3549865,1.8549865,1.6849866,1.3549865,1.2049866,1.4449866,1.8049866,1.9049866,2.0449865,2.2749865,2.1949866,2.5549865,3.3649867
3.5349865,3.6649866,3.5549865,3.2449865,3.3549867,3.8949866,4.6349864,4.8449864,4.2849865,2.7349865,2.0449865,2.1149867,2.9449866,3.9649866,4.5649867,4.7049866,3.7349865,2.2349865,1.2749866,0.71498656,0.30498657,-0.15501343,-0.5750134,-0.6950134,-0.6950134,-0.83501345,-1.0350134,-1.2750134,-1.4450134,-1.5250134,-1.5750134,-1.6750134,-1.7150134,-1.8150134,-1.7050134,-1.2250134,-0.5450134,0.20498657,0.77498657,0.83498657,0.33498657,-0.44501343,-0.85501343,-0.45501342,0.7549866,1.8249866,1.8949866,1.4849865,0.90498656,0.89498657,1.5249866,2.0749865,2.4449866,2.7649865,2.4549866,2.0049865,1.7449865,2.4349866
2.8649867,3.3249865,3.4149866,3.3049865,3.3149865,3.6449866,3.8249865,3.6349866,2.9649866,1.8249866,0.8849866,0.91498655,1.7949866,3.2249866,4.3049865,5.3849864,5.3549867,4.6849866,3.9349866,3.1849866,2.3849866,1.3749865,0.59498656,0.014986572,-0.26501343,-0.32501343,-0.34501344,-0.52501345,-0.8050134,-1.1350135,-1.5950134,-1.9050134,-1.9350134,-1.3650135,-0.36501342,0.6749866,1.1449866,1.3349866,1.6049865,1.9049866,1.6149865,0.79498655,0.124986574,0.18498658,0.64498657,1.1249865,1.2249866,0.8849866,0.5549866,0.64498657,1.0849866,1.4949865,1.7549865,1.8749865,1.7249866,1.1049865,0.84498656,1.5449866
2.7049866,3.4149866,4.0849867,4.504987,4.4549866,3.7649865,2.6249866,1.3949866,0.33498657,-0.65501344,-1.4450134,-1.3450134,-0.18501343,1.7149866,3.8249865,5.5449867,6.964987,7.5449867,6.6249866,5.9749866,4.8849864,3.6949866,2.3149865,1.1149865,0.14498657,-0.38501343,-0.4350134,-0.20501342,0.054986574,-0.0150134275,-0.30501342,-0.20501342,0.46498656,1.3749865,1.9649866,2.1649866,1.8549865,1.2649865,1.5849866,2.7049866,2.7949865,1.8349866,1.2349865,1.5949866,2.0849867,2.0849867,1.7049866,1.1649866,0.66498655,0.36498657,0.27498657,0.38498658,0.6749866,0.9549866,0.91498655,0.6349866,0.6849866,1.4449866
2.8349867,3.3249865,3.8849866,3.9449866,3.2749865,1.9549866,0.53498656,-0.36501342,-0.66501343,-0.90501344,-1.3250134,-1.3650135,-0.47501343,1.1249865,3.3149865,5.5749865,7.5249867,8.094987,7.3949866,6.1349864,4.9249864,4.1149864,3.2549865,2.3149865,1.3749865,0.44498658,-0.27501342,-0.53501344,-0.44501343,-0.48501343,-0.5450134,0.004986572,0.97498655,1.7749866,1.9149866,1.4249866,0.39498657,-0.21501343,0.47498658,1.9449866,2.7649865,2.4749866,1.8149866,1.5649866,1.5049865,1.4749866,1.4749866,1.4749866,1.3349866,1.0549866,0.7649866,0.6349866,0.66498655,0.6849866,0.58498657,0.5649866,0.91498655,1.7249866
3.4349866,3.6449866,3.4649866,2.7049866,1.4549866,0.22498657,-0.39501342,-0.13501343,0.43498656,0.5549866,0.084986575,-0.34501344,-0.10501343,0.83498657,2.2949865,3.9649866,5.4049864,5.8949866,5.5249867,5.0249867,4.7649865,4.5949864,4.464987,3.4149866,2.6849866,2.1249866,1.1449866,0.25498658,-0.35501343,-0.6350134,-0.65501344,-0.5050134,-0.17501342,0.18498658,0.07498657,-0.53501344,-1.2750134,-1.7150134,-1.3450134,-0.21501343,0.72498655,0.83498657,0.34498656,-0.045013428,0.044986572,0.5549866,1.2349865,1.8849865,2.2149866,2.2349865,2.0149865,1.6149865,1.1849866,0.7649866,0.48498657,0.54498655,0.98498654,1.7149866
4.0349865,3.8049865,3.1249866,2.0449865,0.8749866,0.17498657,0.27498657,0.9249866,1.3949866,1.2449865,0.5149866,-0.21501343,-0.31501344,0.20498657,1.0749866,2.1849866,3.3249865,3.9349866,4.1149864,4.3949866,4.734987,5.004987,4.8149867,4.0549865,3.7349865,3.2149866,3.2949865,2.4749866,1.6849866,0.8649866,0.19498657,-0.52501345,-1.4050134,-1.8550134,-1.9050134,-1.6850134,-1.4850135,-1.4150134,-1.1050134,-0.48501343,-0.025013428,-0.10501343,-0.45501342,-0.6950134,-0.65501344,-0.39501342,-0.095013425,0.14498657,0.3149866,0.5749866,0.91498655,1.1549866,1.1249865,0.83498657,0.54498655,0.5549866,0.84498656,1.3249866
4.1549864,3.5349865,2.6249866,1.6749866,0.8849866,0.60498655,0.90498656,1.3249866,1.4149866,1.0249866,0.15498658,-0.71501344,-1.1550134,-1.1150135,-0.6250134,0.38498658,1.7449865,2.9849865,3.7349865,4.1149864,4.754987,4.7049866,3.8849866,2.8249865,2.9249866,3.7149866,4.5249867,4.6849866,4.214987,3.5949867,2.8049865,2.6649866,1.4749866,0.17498657,-0.45501342,-0.23501343,0.39498657,0.77498657,0.6149866,0.14498657,-0.23501343,-0.47501343,-0.58501345,-0.76501346,-1.0950134,-1.4050134,-1.6650134,-1.9750134,-2.3550134,-2.5550134,-1.9250134,-0.7950134,0.10498657,0.47498658,0.41498658,0.22498657,0.13498658,0.22498657
3.7849865,3.1149867,2.2049866,1.4249866,0.89498657,0.7649866,0.9449866,1.2049866,1.1749866,0.85498655,0.14498657,-0.7950134,-1.6550134,-2.2750134,-2.5050135,-1.9050134,-0.49501342,0.9949866,2.3149865,3.3749866,3.9849865,3.9149866,3.0149865,2.0049865,1.7249866,2.1749866,3.1049867,4.0149865,4.6149864,4.6149864,4.8849864,4.0449867,3.9449866,3.2649865,2.4849865,2.2049866,2.8349867,2.8249865,1.9449866,1.2149866,0.9249866,1.0149865,1.0149865,0.5649866,-0.11501343,-0.7550134,-1.2650135,-1.7650135,-2.5150135,-3.2750134,-3.0850134,-1.9150134,-0.5550134,0.21498658,0.2849866,-0.07501343,-0.5550134,-0.95501345
3.2749865,2.9249866,2.0749865,1.2649865,0.64498657,0.33498657,0.38498658,0.6949866,0.97498655,1.0049865,0.6149866,-0.18501343,-1.1350135,-2.0150135,-2.7550135,-2.9550135,-2.3850133,-1.2150134,0.084986575,1.4049866,2.6049867,3.2849865,3.4349866,3.2849865,3.0349865,2.8649867,2.8749866,3.0049865,3.0749865,3.1149867,3.1849866,2.9349866,2.7949865,2.2449865,1.9549866,2.0549865,2.2049866,2.1449866,2.2449865,2.3849866,2.4449866,2.5049865,2.4649866,1.8849865,0.9949866,0.084986575,-0.77501345,-1.7450135,-2.3950133,-2.8550134,-2.6650133,-1.6850134,-0.5650134,0.11498657,0.24498658,-0.06501343,-0.6250134,-1.2950134
2.4149866,2.7649865,2.1449866,1.1549866,0.26498657,-0.38501343,-0.60501343,-0.27501342,0.40498656,0.9449866,1.0049865,0.5049866,-0.35501343,-1.2150134,-1.9550134,-2.4550135,-2.5850134,-2.2550135,-1.5250134,-0.44501343,0.6349866,1.5149865,2.2649865,2.9549866,3.3849866,3.4749866,3.1749866,2.8349867,2.3949866,2.1249866,1.8949866,1.8149866,1.5949866,1.0449866,0.60498655,0.44498658,0.59498656,0.9549866,1.4349866,1.9649866,1.7049866,1.4249866,1.3649865,1.4549866,1.5049865,1.2949866,0.5749866,-0.66501343,-1.7950134,-2.2650135,-2.1450133,-1.6750134,-1.2050134,-0.78501344,-0.5050134,-0.52501345,-0.8650134,-1.4150134
0.124986574,1.2049866,1.5049865,1.1349865,0.37498656,-0.48501343,-1.1250135,-1.1650134,-0.51501346,0.43498656,1.0549866,1.0049865,0.26498657,-0.6950134,-1.4450134,-1.8350134,-1.9250134,-1.9150134,-1.7550135,-1.4650134,-1.1950134,-0.97501343,-0.58501345,0.07498657,0.9549866,1.8449866,2.3149865,2.3049865,2.0549865,1.7949866,1.6449866,1.4149866,1.0849866,0.71498656,0.45498657,0.26498657,0.03498657,-0.12501343,-0.12501343,-0.23501343,-0.6350134,-1.1950134,-1.3250134,-0.6150134,0.52498657,1.2549865,1.1749866,0.26498657,-0.83501345,-1.7050134,-2.1650133,-2.3050134,-2.3250134,-1.8350134,-1.3550134,-1.0950134,-1.2650135,-1.8050134
-3.4450135,-1.9750134,-0.6350134,0.23498657,0.48498657,0.044986572,-0.76501346,-1.3850135,-1.3250134,-0.45501342,0.6149866,1.1449866,0.78498656,-0.08501343,-0.90501344,-1.2750134,-1.2350135,-1.0650134,-1.0050135,-1.1650134,-1.5050135,-1.8850135,-2.0650134,-1.8650135,-1.0550134,0.044986572,1.0949866,1.8549865,2.1749866,1.9749866,1.4749866,0.78498656,0.09498657,-0.38501343,-0.59501344,-0.84501344,-1.2750134,-1.7950134,-2.1050134,-2.1150134,-2.2650135,-2.7650135,-3.2250135,-3.1950135,-2.1650133,-0.6250134,0.25498658,-0.045013428,-0.97501343,-1.8450134,-2.2850134,-2.2150135,-1.9250134,-1.3850135,-1.0150135,-0.9250134,-1.2950134,-2.1150134
-5.6150136,-5.1950135,-3.9450135,-2.1450133,-0.5550134,0.09498657,-0.13501343,-0.8850134,-1.4850135,-1.3250134,-0.47501343,0.30498657,0.49498656,0.24498658,-0.13501343,-0.33501342,-0.22501343,0.06498657,0.24498658,0.13498658,-0.18501343,-0.5650134,-0.83501345,-0.91501343,-0.58501345,0.14498657,1.1449866,2.1749866,2.6849866,2.3149865,1.2649865,-0.095013425,-1.3450134,-2.1350133,-2.3750134,-2.4350135,-2.3850133,-2.2950134,-2.4650135,-2.2550135,-1.8850135,-2.0250134,-2.5550134,-2.7650135,-2.1350133,-0.51501346,0.98498654,1.3149866,0.71498656,-0.16501343,-0.65501344,-0.6950134,-0.4350134,-0.20501342,-0.31501344,-0.8650134,-1.6850134,-2.5550134
-5.6950135,-6.4150133,-6.4450135,-5.0650134,-2.9250135,-0.9250134,0.024986573,-0.07501343,-0.76501346,-1.4650134,-1.6450135,-1.3550134,-0.83501345,-0.31501344,0.18498658,0.58498657,0.9249866,1.2749866,1.5949866,1.6349865,1.5249866,1.3449866,1.2249866,1.1449866,1.1749866,1.3949866,1.9349866,2.5649865,2.9049866,2.4949865,1.5849866,0.39498657,-0.5550134,-1.0650134,-1.3250134,-1.1750134,-0.9850134,-0.97501343,-1.0450134,-0.95501345,-0.52501345,0.07498657,0.53498656,0.73498654,1.0349866,1.7649865,2.9249866,3.4149866,3.0549865,1.7549865,0.46498656,-0.07501343,-0.05501343,-0.10501343,-0.64501345,-1.6050134,-2.4750135,-2.7050135
-5.3550134,-6.5650134,-7.1350136,-6.6650133,-5.0650134,-2.6950135,-0.76501346,0.10498657,0.004986572,-0.8150134,-1.8550134,-2.5050135,-2.3050134,-1.3550134,-0.20501342,0.7449866,1.4749866,2.0549865,2.5649865,2.7949865,2.7949865,2.6549866,2.5349865,2.3849866,2.2249866,2.0949867,2.0849867,2.1649866,2.2249866,2.1549866,1.9249866,1.5349866,1.3249866,1.3349866,1.4549866,1.6349865,1.7249866,1.6649866,1.2849866,0.9949866,1.2649865,2.0649865,3.2849865,3.9349866,3.6649866,3.1849866,3.2949865,3.4049866,2.8149865,2.4449866,1.7949866,1.3249866,1.1449866,0.6849866,-0.34501344,-1.6750134,-2.5550134,-2.5550134
-4.1050134,-5.0950136,-6.0250134,-6.3850136,-5.9450135,-4.5250134,-2.6550133,-1.0950134,-0.4650134,-0.71501344,-1.4850135,-2.1950135,-2.2750134,-1.5750134,-0.51501346,0.34498656,1.0649866,1.7949866,2.5849867,3.2249866,3.3149865,3.0849867,2.7949865,2.4849865,2.2149866,1.9449866,1.6649866,1.4049866,1.2449865,1.3149866,1.4749866,1.8849865,2.3249865,2.8249865,2.7849865,2.7449865,2.3149865,1.5049865,0.5549866,-0.025013428,-0.045013428,0.5649866,1.4949865,2.1849866,2.3449867,2.3549867,2.1049867,1.8049866,1.3449866,0.9549866,0.6949866,0.5549866,0.41498658,0.07498657,-0.5450134,-1.3750135,-1.9050134,-1.8850135
-3.0950134,-3.7150135,-4.5950136,-5.3550134,-5.6550136,-5.265013,-4.3150134,-3.1350133,-2.3850133,-1.9850135,-1.9050134,-1.7150134,-1.3150134,-0.6750134,-0.045013428,0.41498658,0.8049866,1.4749866,2.3349867,3.0049865,3.3049865,3.1149867,2.7549865,2.4049866,2.2249866,2.0949867,1.9449866,1.7149866,1.5149865,1.4249866,1.4049866,1.5849866,1.9349866,2.2549865,2.1349866,1.5449866,0.49498656,-0.7550134,-1.7850134,-2.3750134,-2.4250135,-1.9450134,-1.0650134,-0.06501343,0.8249866,1.1749866,0.7649866,0.014986572,-0.65501344,-1.0350134,-1.2450135,-1.3950135,-1.7050134,-2.0050135,-2.2550135,-2.2850134,-2.0850134,-1.8150134
-2.6350133,-3.2250135,-3.7650135,-4.0850134,-4.4050136,-4.6750135,-4.6750135,-4.2950134,-4.1750135,-3.5650134,-2.8550134,-1.9850135,-0.90501344,0.13498658,0.89498657,1.1549866,1.2449865,1.5449866,2.2149866,2.9049866,3.3049865,3.2249866,3.0449865,2.7949865,2.8949866,3.0649865,3.1049867,3.1049867,2.9749866,2.6149867,2.0849867,1.7549865,1.7749866,1.8949866,1.7449865,1.1549866,0.26498657,-0.7550134,-1.6650134,-2.2350135,-2.4650135,-2.1150134,-1.4150134,-0.35501343,0.6349866,0.9549866,0.43498656,-0.51501346,-1.3350134,-1.8950135,-2.4150133,-2.8350134,-3.1550133,-3.3650134,-3.4450135,-3.1950135,-2.9550135,-2.5850134
-2.6050134,-2.8750134,-2.9050133,-2.9250135,-2.9850135,-3.2550135,-3.7850134,-4.1850133,-4.1950135,-3.7350135,-3.1750135,-2.5750134,-1.3950135,0.054986574,1.3649865,2.1049867,2.2849865,2.3449867,2.6449866,3.1449866,3.6249866,3.8149865,3.6849866,3.7249866,3.9249866,4.0849867,4.0249867,4.214987,4.1549864,3.6949866,3.0249865,2.6149867,2.5149865,2.5249865,2.4249866,1.9349866,1.0949866,0.13498658,-0.8750134,-1.7850134,-2.4950135,-2.7650135,-2.3450134,-1.5850134,-0.85501343,-0.6150134,-0.90501344,-1.5750134,-2.1950135,-2.8850133,-3.3550134,-3.5550134,-3.4950135,-3.3650134,-3.1150134,-3.0850134,-2.6850135,-2.5850134
-2.3550134,-2.2650135,-2.2350135,-2.2150135,-2.1550133,-2.2150135,-2.4750135,-2.7350135,-2.8650134,-2.6250134,-2.6150134,-2.5550134,-1.9050134,-0.72501343,0.60498655,1.6349865,2.1949866,2.6149867,2.9749866,3.4549866,3.9849865,4.3949866,4.5249867,4.3249865,4.7049866,4.4749866,4.3749866,4.4749866,4.5249867,4.3349867,3.8949866,3.6149867,3.3749866,3.3149865,3.0349865,2.3249865,1.2649865,0.11498657,-1.0950134,-2.2850134,-3.3350134,-3.7350135,-3.1950135,-2.5150135,-2.0450134,-1.7750134,-1.6350135,-1.8450134,-2.0550134,-2.3250134,-2.7650135,-3.3250134,-2.9750135,-2.6950135,-2.3250134,-1.8850135,-1.5650134,-1.5150135
