测试样例/leaflet1.2.0/data/2017072700-china-ugrd-vgrd.json
{"header": { "discipline": 0, "disciplineName": "Meteorological products", "gribEdition": 2, "gribLength": 82978, "center": 7, "centerName": "US National Weather Service - NCEP(WMC)", "subcenter": 0, "refTime": "2017-07-27T00:00:00.000Z", "significanceOfRT": 1, "significanceOfRTName": "Start of forecast", "productStatus": 0, "productStatusName": "Operational products", "productType": 1, "productTypeName": "Forecast products", "productDefinitionTemplate": 0, "productDefinitionTemplateName": "Analysis/forecast at horizontal level/layer at a point in time", "parameterCategory": 2, "parameterCategoryName": "Momentum", "parameterNumber": 3, "parameterNumberName": "V-component_of_wind", "parameterUnit": "m.s-1", "genProcessType": 2, "genProcessTypeName": "Forecast", "forecastTime": 0, "surface1Type": 103, "surface1TypeName": "Specified height level above ground", "surface1Value": 10.0, "surface2Type": 255, "surface2TypeName": "Missing", "surface2Value": 0.0, "gridDefinitionTemplate": 0, "gridDefinitionTemplateName": "Latitude_Longitude", "numberPoints": 50953, "shape": 6, "shapeName": "Earth spherical with radius of 6,371,229.0 m", "gridUnits": "degrees", "resolution": 48, "winds": "true", "scanMode": 64, "nx": 251, "ny": 203, "basicAngle": 0, "lo1": 73.0, "la1": 3.5, "lo2": 135.5, "la2": 54.0, "dx": 0.25, "dy": 0.25 }, "data":
[rows 130 to 155 of 203, columns 174 to 231 of 251]
-2.8950133,-2.1450133,-1.4350134,-0.76501346,-0.38501343,-0.0150134275,0.43498656,0.83498657,1.1749866,1.4149866,1.2949866,0.8649866,0.8749866,1.5449866,2.0849867,3.1649866,4.1149864,5.1349864,5.8949866,6.234987,6.5749865,6.9249864,6.9949865,6.7749867,6.6949863,7.0449867,7.5449867,7.734987,7.8849864,8.094987,8.214987,8.0349865,7.6749864,7.1449866,6.5749865,5.6849866,4.3349867,2.8849866,1.6649866,0.9549866,0.5549866,0.17498657,-0.20501342,-0.34501344,-0.20501342,-0.045013428,-0.22501343,-0.65501344,-0.6850134,-0.40501344,-0.30501342,-0.7950134,-1.8850135,-2.6350133,-2.5150135,-2.3650134,-2.5250134,-2.6950135
-2.7250135,-2.0450134,-1.5050135,-1.3650135,-1.6050134,-1.5450134,-1.1250135,-0.7950134,-0.9450134,-1.1650134,-1.3850135,-1.5650134,-1.1850134,-0.18501343,0.8249866,1.5549866,2.3449867,4.5749865,5.7749867,6.2449865,6.5549865,6.9249864,7.3249865,7.2649865,7.0549865,7.1949863,7.5649867,7.8549867,8.054987,8.274986,8.334987,8.144986,7.5549865,6.964987,6.4249864,5.484987,3.9649866,2.4249866,1.3249866,0.8749866,0.65498656,0.43498656,0.27498657,0.03498657,0.024986573,0.124986574,0.07498657,-0.23501343,-0.29501343,-0.11501343,-0.05501343,-0.32501343,-1.1450135,-1.6150135,-1.6050134,-1.5150135,-1.6550134,-1.8650135
-2.4350135,-1.9150134,-1.1550134,-1.0550134,-1.3650135,-1.3750135,-1.4450134,-1.5150135,-2.0550134,-2.5550134,-2.6550133,-2.4850135,-1.9350134,-0.9450134,0.24498658,1.2149866,2.1249866,3.2049866,4.7449865,5.5349865,5.7749867,6.2849865,7.0549865,7.1149864,7.0649867,7.214987,7.5349865,7.8349867,8.114986,8.2849865,8.324986,8.104986,7.484987,6.8049865,6.0949864,5.1449866,3.8249865,2.3449867,1.2949866,0.8149866,0.77498657,0.6349866,0.53498656,0.49498656,0.38498658,0.47498658,0.46498656,0.30498657,0.10498657,0.14498657,0.19498657,0.124986574,-0.08501343,-0.39501342,-0.5450134,-0.6350134,-0.7950134,-1.0350134
-2.2350135,-1.9750134,-1.2150134,-0.8650134,-0.8250134,-0.85501343,-0.7350134,-1.1450135,-1.6850134,-1.9650134,-1.7850134,-1.4250134,-1.0050135,-0.35501343,0.45498657,1.1349865,1.6649866,2.2849865,2.8249865,3.4349866,4.2649865,5.1049867,5.8949866,5.9049864,6.1349864,6.6349864,7.3449864,7.8849864,8.104986,8.094987,8.104986,8.0349865,7.5549865,6.7049866,5.7949867,4.6749864,3.2349865,1.8949866,0.9949866,0.8149866,0.97498655,1.1249865,0.8649866,0.66498655,0.65498656,0.8249866,0.9249866,0.7449866,0.6149866,0.40498656,0.38498658,0.6149866,0.9549866,1.0349866,0.64498657,0.26498657,0.014986572,-0.23501343
-2.0650134,-1.9850135,-1.8350134,-1.4950135,-1.0350134,-0.76501346,-0.60501343,-0.64501345,-0.85501343,-1.0050135,-0.8850134,-0.4650134,0.19498657,0.71498656,0.9349866,1.1649866,1.3149866,1.6949866,2.2349865,2.6349866,3.1749866,3.9249866,4.5849867,5.0849867,5.484987,6.2749867,7.0749865,7.5449867,7.8349867,8.114986,7.984987,7.6149864,7.2249866,6.5649867,5.6349864,4.3249865,2.8049865,1.6249865,1.3049866,1.5149865,1.8249866,1.7349865,1.2749866,0.7049866,0.48498657,0.65498656,0.8849866,1.0549866,0.89498657,0.5749866,0.6349866,1.1149865,2.1849866,2.4149866,1.7849866,1.1149865,0.7449866,0.49498656
-1.8650135,-1.8550134,-1.9250134,-1.8950135,-1.7650135,-1.6050134,-1.4550134,-1.2850134,-1.2950134,-1.3950135,-1.2450135,-0.4650134,0.91498655,2.0049865,2.0449865,1.7449865,1.5549866,1.8149866,2.2649865,2.7849865,3.1549866,3.5349865,4.504987,5.1149864,5.6749864,6.1449866,6.5549865,6.9449863,7.464987,7.964987,7.6549864,7.0549865,6.4349866,6.0349865,5.3949866,4.3049865,3.0949867,2.3349867,2.4549866,3.0149865,3.2049866,2.3249865,1.2749866,0.6349866,0.35498658,0.29498658,0.5549866,0.78498656,0.7449866,0.54498655,0.7049866,1.4549866,3.0449865,3.4049866,2.6049867,1.7749866,1.3649865,1.1249865
-1.8150134,-1.8450134,-1.9950135,-2.1250134,-2.2250135,-2.2950134,-2.3550134,-2.3750134,-2.1750135,-2.3550134,-2.3350134,-1.4950135,0.5749866,2.7949865,3.9149866,3.1549866,2.2749865,1.8749865,1.9549866,2.0349865,2.2749865,2.8549867,3.8749866,5.1049867,6.0449867,6.4249864,6.5549865,6.7049866,7.1949863,7.6149864,7.214987,6.5349865,5.714987,5.1849866,4.7449865,4.004987,3.2149866,2.9149866,3.3349867,3.6249866,3.2649865,1.9849865,1.2249866,0.66498655,0.42498657,0.5049866,0.60498655,0.42498657,0.17498657,0.18498658,0.71498656,2.2049866,3.7149866,3.9349866,3.0349865,2.2749865,1.9449866,1.6849866
-1.5950134,-1.6750134,-1.9350134,-2.2050135,-2.4750135,-2.7650135,-3.0150135,-3.1650133,-3.2150135,-3.2850134,-3.4550135,-3.2350135,-1.1850134,2.0449865,4.6949863,5.1649866,4.1049867,2.5249865,1.6049865,1.1849866,1.0449866,1.3149866,2.1549866,3.6549866,5.464987,6.7049866,7.1149864,7.1449866,7.2749867,7.2949867,6.8749866,6.1949863,5.3149867,4.6749864,4.1249866,3.4149866,2.7549865,2.4049866,2.1749866,1.9949865,0.89498657,0.6949866,0.53498656,0.35498658,0.39498657,0.60498655,0.54498655,0.11498657,-0.27501342,-0.0150134275,1.2249866,3.2249866,4.3549867,4.0949864,3.2349865,2.6749866,2.4449866,2.1549866
-1.5150135,-1.6250135,-1.8250134,-2.1050134,-2.4750135,-3.0150135,-3.7650135,-4.0250134,-4.2750134,-4.1350136,-4.8350134,-5.1250134,-3.8650134,-0.71501344,3.0949867,5.4749866,5.5349865,4.0549865,2.5249865,1.4949865,0.8749866,0.40498656,0.5049866,1.5349866,3.5049865,5.6549864,6.9049864,7.3549867,7.3149867,6.7849865,6.3649864,6.0449867,5.504987,4.7449865,3.7349865,2.4849865,1.8749865,1.2349865,0.5749866,-0.045013428,-0.5750134,-0.7450134,-0.47501343,-0.095013425,0.20498657,0.49498656,0.34498656,-0.10501343,-0.30501342,0.52498657,2.5149865,4.2849865,4.6149864,4.0349865,3.3449867,2.9949865,2.7949865,2.4549866
-1.5850134,-1.6650134,-1.7950134,-2.0450134,-2.4950135,-3.2950134,-4.3150134,-4.8550134,-5.1050134,-5.265013,-5.6150136,-6.0550137,-5.8050137,-4.015013,-0.71501344,2.7949865,4.5249867,4.3649864,3.2049866,2.0449865,1.0049865,0.10498657,-0.36501342,0.084986575,1.5549866,3.6149867,5.2949867,6.1549864,6.1249866,5.7249866,5.3249865,5.4549866,5.4449863,4.5149865,2.5449865,1.8449866,1.3749865,0.9949866,0.37498656,-0.14501342,-0.5650134,-0.7950134,-0.6850134,-0.22501343,0.27498657,0.45498657,0.23498657,-0.095013425,0.13498658,1.7649865,3.8849866,4.8649864,4.464987,3.8349867,3.4149866,3.2149866,2.9849865,2.6149867
-1.6650134,-1.8450134,-1.9750134,-2.0650134,-2.3950133,-3.4150133,-4.265013,-4.7350135,-5.0050135,-5.1950135,-5.4650135,-5.9050136,-6.1550136,-5.5650134,-3.7850134,-0.91501343,1.5249866,2.8549867,2.7049866,1.8149866,0.72498655,-0.11501343,-0.5550134,-0.44501343,0.22498657,1.3949866,2.8049865,3.9149866,4.3349867,4.3849864,4.4149866,4.6749864,4.9749866,4.3849864,2.4249866,1.2749866,1.0349866,1.2949866,1.0849866,0.54498655,0.14498657,-0.14501342,-0.24501343,-0.08501343,0.29498658,0.5149866,0.06498657,-0.28501344,0.42498657,2.7249866,4.5449867,4.7949867,4.1349864,3.5949867,3.4249866,3.2849865,3.0449865,2.7149866
-1.8650135,-2.0650134,-2.1350133,-2.1950135,-2.3750134,-3.4550135,-4.1750135,-4.5250134,-4.6850133,-4.8450136,-5.0450134,-5.3450136,-5.5550137,-5.3350134,-4.515013,-2.9850135,-1.0250134,0.64498657,1.3049866,1.1249865,0.5149866,-0.095013425,-0.5050134,-0.7550134,-0.7950134,-0.34501344,0.60498655,1.8449866,2.9149866,3.6449866,4.0649867,4.214987,4.5349865,4.2949867,2.5549865,1.1549866,0.7549866,1.1849866,1.3049866,0.9349866,0.5149866,0.21498658,0.054986574,0.024986573,0.07498657,-0.095013425,-0.6950134,-1.0350134,0.25498658,2.8849866,4.5249867,4.5549865,3.9449866,3.5449865,3.4349866,3.3349867,3.0949867,2.8349867
-1.6850134,-1.9050134,-1.9550134,-1.9450134,-2.1250134,-3.2150135,-3.8750134,-4.015013,-4.0850134,-4.2150135,-4.4250135,-4.6650133,-4.7350135,-4.4450135,-3.8650134,-3.0550134,-1.9650134,-0.7450134,0.30498657,0.8149866,0.6349866,0.13498658,-0.44501343,-1.0950134,-1.7350135,-1.9350134,-1.4850135,-0.45501342,0.8249866,2.2449865,3.2149866,3.6249866,3.9549866,3.6149867,2.1549866,0.8149866,0.2849866,0.42498657,0.39498657,0.21498658,-0.0150134275,-0.10501343,-0.17501342,-0.38501343,-0.8850134,-1.2550135,-1.8850135,-1.2450135,0.6949866,2.8549867,4.0849867,4.1949863,3.8649867,3.6449866,3.4849865,3.3749866,3.1949866,2.9749866
-0.8250134,-1.2550135,-1.5250134,-1.6050134,-1.9150134,-2.3050134,-2.7650135,-2.7650135,-2.6950135,-2.9050133,-3.1650133,-3.7950134,-3.8950133,-3.5250134,-2.8750134,-2.2250135,-1.5750134,-0.76501346,0.22498657,1.0249866,1.1749866,0.60498655,-0.045013428,-0.8650134,-1.8250134,-2.6350133,-2.9450135,-2.5950134,-1.6350135,-0.27501342,1.0249866,1.7649865,1.8449866,1.3849865,0.58498657,-0.07501343,-0.28501344,-0.26501343,-0.24501343,-0.23501343,-0.24501343,-0.33501342,-0.4650134,-0.97501343,-2.0350134,-2.1950135,-1.4050134,0.20498657,2.0549865,3.3449867,3.9349866,4.0249867,3.8149865,3.6949866,3.6149867,3.4849865,3.2849865,3.1149867
-0.08501343,-0.91501343,-1.3850135,-1.3850135,-1.2450135,-1.2750134,-1.5450134,-1.8550134,-2.0850134,-2.2150135,-2.3050134,-2.5650134,-2.8650134,-2.5150135,-1.8650135,-1.1950134,-0.60501343,0.054986574,0.8749866,1.5249866,1.8149866,1.4849865,0.8649866,0.07498657,-0.77501345,-1.8050134,-2.4450135,-2.6250134,-2.1650133,-1.2750134,-0.36501342,0.15498658,0.024986573,-0.52501345,-1.0850134,-1.2050134,-0.96501344,-0.66501343,-0.4650134,-0.11501343,0.03498657,-0.11501343,-0.41501343,-1.0850134,-1.6550134,-1.8150134,-0.90501344,0.90498656,2.6449866,3.6949866,4.0849867,4.004987,3.9149866,3.8549867,3.7449865,3.5449865,3.3849866,3.2449865
-0.035013426,-1.1650134,-1.5050135,-1.1250135,-0.45501342,-0.13501343,-0.65501344,-1.3750135,-1.7750134,-1.8450134,-1.7450135,-1.7150134,-1.7450135,-1.3550134,-0.8250134,-0.30501342,0.20498657,0.83498657,1.6449866,2.2349865,2.7449865,2.7949865,2.2049866,1.2049866,0.33498657,-0.4350134,-0.8850134,-0.90501344,-0.5450134,-0.05501343,0.38498658,0.49498656,0.07498657,-0.58501345,-1.1550134,-1.4050134,-1.3950135,-1.2850134,-0.8150134,-0.47501343,-0.10501343,-0.06501343,-0.23501343,-0.47501343,-1.0350134,-2.0250134,-1.8750135,-0.49501342,0.98498654,2.0349865,2.6949866,3.2049866,3.6449866,3.9249866,3.9649866,3.7649865,3.5149865,3.3349867
-0.045013428,-1.1950134,-1.5750134,-1.2150134,-0.15501343,0.6249866,0.22498657,-0.7450134,-1.4050134,-1.5850134,-1.5750134,-1.5950134,-1.5150135,-0.8850134,-0.11501343,0.38498658,0.77498657,1.3249866,2.1249866,2.6749866,3.2249866,3.3749866,3.2149866,2.0849867,1.4049866,0.9349866,0.77498657,0.8149866,1.1049865,1.3649865,1.4149866,1.3049866,0.83498657,0.30498657,-0.12501343,-0.5050134,-0.78501344,-0.9850134,-1.0450134,-0.60501343,-0.23501343,-0.045013428,-0.08501343,-0.36501342,-1.0450134,-1.6650134,-2.6550133,-2.2550135,-1.7450135,-1.3150134,-0.5650134,0.6149866,1.9549866,3.2249866,3.9649866,4.1449866,3.9449866,3.6349866
-0.78501344,-1.6050134,-1.8750135,-1.7250134,-1.3950135,-1.0950134,-1.0150135,-1.3850135,-1.7850134,-1.8050134,-1.6750134,-1.7850134,-1.8850135,-1.5350134,-0.5550134,0.5649866,1.0349866,1.6049865,2.4849865,2.9349866,3.3449867,3.2249866,2.8349867,2.4049866,1.9949865,1.8449866,2.0549865,2.4149866,2.4549866,2.2149866,2.1149867,1.8849865,1.5249866,1.3649865,1.2349865,1.2949866,0.90498656,0.49498656,0.124986574,0.24498658,0.5549866,0.71498656,0.6749866,0.14498657,-0.7450134,-1.1050134,-1.2150134,-1.4050134,-1.6650134,-2.6550133,-2.4750135,-1.4150134,0.11498657,1.7149866,3.1849866,4.1549864,4.3549867,4.1449866
-1.2150134,-1.7050134,-1.9650134,-1.6750134,-1.7550135,-1.7450135,-1.6850134,-1.7350135,-1.9350134,-1.6850134,-1.7550135,-2.3050134,-2.6950135,-2.3550134,-1.6850134,-0.33501342,1.0049865,1.6549866,2.4749866,3.2449865,3.5649865,3.0449865,2.3149865,2.0349865,2.2449865,2.6049867,3.0349865,3.0649865,2.8349867,2.3649867,2.3249865,2.0849867,1.8149866,1.8749865,2.0549865,2.3049865,2.4149866,1.9249866,1.6649866,1.6749866,1.6849866,1.6849866,1.7049866,1.3549865,0.71498656,0.26498657,0.14498657,-0.16501343,-0.78501344,-1.2850134,-1.2650135,-0.83501345,0.10498657,1.3049866,2.6149867,3.8249865,4.4049864,4.5349865
-0.9950134,-1.0950134,-1.2850134,-1.3550134,-1.0150135,-0.97501343,-1.0450134,-0.9950134,-0.8850134,-0.6350134,-1.3750135,-2.5650134,-3.1550133,-2.9850135,-2.2650135,-1.1650134,0.19498657,1.4549866,2.4849865,3.4549866,3.8649867,3.3449867,2.5849867,2.3549867,2.7249866,3.3649867,3.6949866,3.3249865,2.9149866,2.5749865,2.1949866,2.1049867,1.8249866,1.8549865,2.1049867,2.2049866,1.7849866,1.7849866,1.7449865,1.8249866,1.7349865,1.7849866,1.8949866,1.8849865,1.7249866,1.4349866,1.2349865,0.9249866,0.07498657,-0.45501342,-0.29501343,0.32498658,1.2949866,2.6849866,3.8849866,4.6049867,4.8549867,4.8349867
-1.1250135,-1.2050134,-1.4350134,-1.0950134,-0.58501345,-0.28501344,-0.31501344,-0.30501342,-0.19501343,-0.5750134,-1.8550134,-3.1550133,-3.7650135,-3.1350133,-2.1950135,-1.5050135,-0.66501343,0.54498655,1.9449866,3.1349866,3.6949866,3.5849867,3.1349866,2.9349866,3.3049865,4.1049867,4.0549865,3.4349866,2.8349867,2.3349867,2.6749866,2.5549865,2.1949866,1.9949865,1.8849865,1.8949866,1.7049866,1.1649866,1.0449866,1.1349865,1.3449866,1.5949866,1.6949866,1.6249865,1.6449866,1.3349866,1.2349865,1.1849866,0.65498656,0.17498657,0.23498657,0.9349866,2.0749865,3.7749865,6.1349864,6.5649867,6.2049866,5.6949863
-2.0950134,-2.2250135,-2.1150134,-1.9050134,-1.3250134,-0.8850134,-0.5750134,-0.4650134,-0.70501345,-1.9450134,-3.5450134,-5.1050134,-5.245013,-4.0250134,-2.9750135,-2.3050134,-1.8850135,-0.72501343,1.0549866,2.6349866,3.4949865,3.6349866,3.4449866,3.3249865,3.5849867,4.2249866,4.3749866,4.1149864,3.6849866,3.1449866,2.8849866,3.0049865,3.0249865,2.2949865,1.8949866,1.9049866,1.8349866,1.8449866,1.5549866,1.4949865,1.5849866,1.7349865,1.6549866,1.3949866,1.1149865,0.8849866,0.77498657,1.0549866,1.1449866,0.72498655,0.40498656,0.91498655,2.3149865,4.504987,7.3649864,8.094987,7.7749867,6.964987
-3.0550134,-2.7850134,-2.7750134,-2.7850134,-2.3550134,-1.7250134,-1.1650134,-1.0850134,-1.6950134,-3.0250134,-4.8950133,-6.0950136,-6.1650133,-5.4850135,-4.2550135,-3.7450135,-3.4050133,-2.5050135,-0.53501344,1.6749866,3.0349865,3.6549866,3.8049865,3.7749865,3.8449867,4.1849866,4.5549865,4.5549865,3.9349866,3.6649866,2.9949865,2.7749865,2.5649865,2.2449865,1.9049866,1.9649866,2.6049867,2.8249865,2.1449866,1.7549865,1.5849866,1.5249866,1.3849865,1.1549866,0.66498655,0.22498657,0.024986573,0.65498656,1.4049866,1.2249866,0.5049866,0.22498657,1.4949865,4.734987,7.3649864,8.714987,8.704987,8.064986
-3.3250134,-2.9750135,-2.9050133,-2.7850134,-2.4250135,-1.8850135,-1.8650135,-1.8650135,-2.4250135,-3.6050134,-5.1050134,-6.3750134,-6.5550137,-6.515013,-5.8750134,-5.5750136,-5.5450134,-4.9050136,-3.0850134,-0.31501344,2.0349865,3.1049867,4.004987,4.214987,4.2849865,4.3949866,4.5649867,4.234987,4.0749865,3.9949865,3.5549865,2.7349865,2.4249866,2.2849865,2.2249866,2.2249866,2.8249865,2.7949865,2.3449867,1.6449866,1.3449866,1.2849866,1.2849866,1.2149866,1.3149866,1.1949866,0.83498657,1.0749866,1.6749866,1.7049866,1.0449866,0.30498657,0.65498656,2.8849866,6.0149865,7.9449863,8.554987,8.474987
-3.0050135,-2.9750135,-3.2850134,-3.3350134,-2.9250135,-1.9850135,-1.5550134,-1.6850134,-2.5950134,-3.9950135,-5.2350135,-5.9450135,-6.4150133,-6.6850133,-7.1650133,-7.535013,-7.6050134,-7.0450134,-5.3250136,-2.8650134,-0.17501342,1.9249866,3.5849867,4.214987,4.4749866,4.5749865,4.5849867,4.5749865,4.5849867,4.0449867,3.5249865,2.9449866,2.5949867,2.5849867,2.5049865,2.4249866,2.5049865,2.9349866,2.2249866,2.0149865,1.9549866,1.7349865,1.6649866,1.7449865,2.3149865,2.7349865,2.4649866,1.7749866,1.4949865,1.4249866,1.4649866,1.0749866,0.89498657,1.4249866,3.5049865,5.8349867,7.3149867,8.144986
-2.9150133,-3.1750135,-3.9350135,-3.8250134,-3.5150135,-2.5750134,-1.9050134,-2.0050135,-3.0250134,-4.4150133,-5.3850136,-5.745013,-5.8450136,-6.1450133,-6.7350135,-7.3550134,-7.7750134,-7.6350136,-6.6750135,-5.0950136,-2.7250135,-0.045013428,2.2649865,3.5549865,4.1949863,4.484987,4.5749865,4.5249867,4.6449866,4.6949863,4.1849866,3.0849867,2.9649866,3.0649865,3.4149866,3.5349865,3.0549865,2.8149865,3.4849865,2.9549866,2.5149865,2.1949866,1.9149866,1.8249866,2.0049865,2.0949867,1.7949866,1.1949866,0.77498657,0.6149866,0.6849866,0.85498655,0.90498656,1.1449866,1.6949866,2.5749865,5.254987,7.1549864
